	g__Acinetobacter	g__Afipia	g__Akkermansia	g__Anaerostipes	g__Bacillus	g__Bacteroides	g__Bifidobacterium	g__Bilophila	g__Blautia	g__Bosea	g__Bradyrhizobium	g__Butyricimonas	g__Caloramator	g__Campylobacter	g__Catenibacterium	g__Clostridium	g__Collinsella	g__Coprococcus	g__Corynebacterium	g__Desulfovibrio	g__Dialister	g__Dorea	g__Enterobacter	g__Enterococcus	g__Eubacterium	g__Faecalibacterium	g__Fusobacterium	g__Haemophilus	g__Jonquetella	g__Lachnobacterium	g__Lachnospira	g__Lactobacillus	g__Megamonas	g__Megasphaera	g__Methylobacterium	g__Micrococcus	g__Mobiluncus	g__Neisseria	g__Odoribacter	g__Oscillospira	g__Paenibacillus	g__Parabacteroides	g__Paraprevotella	g__Peptoniphilus	g__Peptostreptococcus	g__Phascolarctobacterium	g__Phyllobacterium	g__Prevotella	g__Propionibacterium	g__Pseudomonas	g__Ralstonia	g__Roseburia	g__Ruminococcus	g__Salmonella	g__Shewanella	g__SMB53	g__Streptococcus	g__Sutterella	g__Veillonella
g__Acinetobacter	1	0.0242439738954802	-0.201424741466437	0.00806834732829191	-0.0657833645595834	-0.363908822125523	-0.230884699756328	-0.206917815217469	-0.177706254301941	-0.00155050207980288	-0.0651902264336222	0.1047628538226	0.332119490024338	0.111293195865236	0.122536310264457	-0.357489978110607	-0.101533807486831	0.0437099664976638	0.0378628368739825	-0.126514944546915	0.0807396313521146	0.0738999193467026	-0.124288388795877	0.0885824702141763	-0.072912086720085	-0.185459083641482	-0.0403185196876495	0.114471902983593	0.356876878936114	0.0474426551030416	0.195856160787903	-0.00761202706837413	0.111839938050532	-0.0728417449128772	0.195118509252881	0.189124536207988	0.141081635626031	-0.2285311694941	-0.170792933645235	-0.408487636410809	0.119481406551617	-0.184444549222172	-0.0875312225093767	-0.105619556493366	0.106558285132052	0.275526367128965	0.12701877009122	0.206673325914761	0.172557563807051	-0.0622825434820263	-0.130796516488739	0.103012842091795	0.0507305136252754	-0.0761880943542192	-0.0469309243120496	-0.035140984795935	0.0863235108596248	-0.0566187154032634	-0.097388169442509
g__Afipia	0.0242439738954802	1	0.134050400228184	-0.234992355628628	0.358618839064587	-0.309550105678819	-0.10074089681068	-0.0240184435271354	-0.0721254866591985	-0.129922048351558	0.381320883335263	-0.144853473260945	0.291776935445235	0.145230083946469	-0.35798610353295	0.101467986689308	-0.127113713855069	-0.0737965747204579	0.374088906418673	-0.249525774049617	0.0152613832378509	-0.184447550956933	-0.0480155124025246	0.0854707944825729	-0.0309669250146603	0.166670911415067	0.173352045745075	0.148304894207027	0.00681206435979922	-0.22451008873154	-0.0464000729951531	0.0757420034019833	-0.0834804974337607	-0.450357046367474	0.543830088056831	-0.240637528036152	-0.0535361310756918	0.0791298744311785	-0.270687894826493	0.140678466704587	-0.0711881789008558	-0.0506090911055073	0.000806475353852589	0.0663394150674137	0.125923497719127	0.0532497816794051	0.242639121742727	0.0652316178304793	0.294591630733786	0.0396172632333693	0.00991287915117424	-0.141601542887457	-0.25975224585076	0.253247050864639	-0.199849014755397	-0.446182375357927	0.0621550779103342	-0.00273220820251619	0.174773546059436
g__Akkermansia	-0.201424741466437	0.134050400228184	1	0.0986524168824556	0.203710131811052	-0.121629476343443	-0.159027001309576	0.25469598188308	-0.205178749636501	-0.0993928354102279	0.0551977798389547	0.019910111322519	0.0279315465384696	0.100106578315547	-0.0856398375354068	0.109592265880241	-0.0811993699026163	0.0537072532188088	0.137827757637712	0.0870215795919185	-0.102953477948636	-0.342976310540158	0.24981190809855	-0.163236335234942	0.0897311464098908	-0.0242277384485364	0.175105160456411	0.184822158760311	0.0755111497474127	-0.0429756276546265	-0.164672193482659	-0.117593971736387	-0.221198066127948	-0.147775360803117	-0.22739749932511	0.142895097420802	-0.012578242033863	-0.0640324604285714	-0.048867705593427	0.256733562081776	0.159163385202571	-0.117743253434471	-0.0665022584138087	0.162618027035548	-0.0526250423438775	0.159270759722217	-0.153065678136131	-0.0603953734452553	0.060477275958311	0.0257713561853257	-0.00325700525870148	-0.214473779453507	-0.0505596229588035	0.112589799404484	0.0292797266484215	-0.258279911670848	0.138844384759221	-0.171818350368833	0.133383601334822
g__Anaerostipes	0.00806834732829191	-0.234992355628628	0.0986524168824556	1	-0.0859458571347575	0.329639398155119	-0.147245192592082	-0.130837075001778	0.276077640934233	-0.142253328799764	-0.0872924148302008	0.104168539649499	-0.0920614076395371	0.0159540054111343	0.0669364982915704	0.197081807501494	0.179858512099028	0.310695677861258	-0.04240618261963	-0.143761297511678	-0.082480783684975	-0.0852988479026072	0.0469899352890097	0.0972319560304946	-0.183541758481566	0.269127250732923	-0.0982772867005184	0.177244455221213	0.110228060330549	0.0863653122590996	-0.0110145292246365	-0.0818234698217281	-0.0514166778699276	-0.161723063370647	-0.346141418302738	0.0631293619216273	-0.0984121089131968	0.0353618708260908	0.0998804777940749	0.213706346332803	-0.0763837193154012	0.249982001463986	0.268926892189641	-0.0935733427987844	0.0162441132025564	0.091580643014433	-0.171843743686183	-0.053464600262958	-0.103899262276582	-0.132420542450289	-0.121524792852689	0.320371277779696	0.33635167086553	-0.151893839845083	0.044922487034758	0.329931392858793	-0.0124243083520635	-0.110519085001782	0.0490046870973347
g__Bacillus	-0.0657833645595834	0.358618839064587	0.203710131811052	-0.0859458571347575	1	-0.273331193144593	-0.0961075381865379	-0.0640066537641109	0.173533497682408	0.069461160094793	0.470932960551809	-0.260013519781233	0.224987957502582	0.157639253631267	-0.33450687442977	-0.107403144073776	-0.0769029895655765	0.0343841188637873	0.256465701967171	-0.0214249813388543	0.268322129051097	-0.0221321225967924	-0.113363461783788	-0.0680398501185653	-0.197929057806971	-0.418325615023149	0.0574103778722775	-0.125148290543478	-0.299830577131057	-0.386161429347656	0.0562097886486773	0.0995907517237546	-0.072046763917173	-0.439916671334932	0.191954531850236	0.140324974389083	0.0549659187576596	-0.0151206881832653	-0.291089743104906	-0.115993635353731	0.176773615178674	0.0889772923021205	-0.0827722691201957	-0.0439820725899156	-0.000247426175938675	-0.0801480106075447	0.372524650816891	-0.00948686411267291	0.416881061693459	-0.122685878979758	0.165637135197037	-0.0774086250924474	-0.268050498780006	0.127092705589075	-0.232275701174574	-0.464310794697933	0.409234832663895	-0.0713197694893444	0.0596822091883542
g__Bacteroides	-0.363908822125523	-0.309550105678819	-0.121629476343443	0.329639398155119	-0.273331193144593	1	-0.107475561472522	0.0582576263229142	0.112316475083565	-0.104072288415516	-0.231516645188388	0.313206211420875	-0.2380124168349	-0.0969989105949604	-0.22898046653522	0.314025069837875	0.222638337258947	-0.0329740550827634	-0.0671700875908535	0.178358398789719	-0.143581690498522	0.297895690675602	0.370154953014157	-0.0367590593991817	0.0967432470791194	0.109719673899731	0.0873964519549514	0.0800814685473911	-0.142677415071185	-0.0603191029182977	-0.25528744047507	-0.000389014200759763	0.148206845132203	-0.0633794980808355	-0.172560205062361	0.030755907987504	0.0673726832251611	-0.0239808633079558	0.187353931104122	0.282120430065638	-0.155812347527396	0.255994731113798	0.209015829549365	-0.0732756675643702	0.0252358558385634	-0.225362369623695	-0.131398921389602	-0.266361116336467	-0.13985861487669	0.037101539594126	0.145498067761823	0.307029985247626	0.305460570200773	0.306809178648679	0.00714304774870355	0.327370276284297	-0.319733746538787	0.0685154289628644	-0.274569252952117
g__Bifidobacterium	-0.230884699756328	-0.10074089681068	-0.159027001309576	-0.147245192592082	-0.0961075381865379	-0.107475561472522	1	-0.0178070374093323	0.0295290533903397	0.125427310530983	0.0279556625601725	-0.140875714958477	0.0618078513394587	-0.209403443548654	0.130546255290977	0.172733502304411	0.293091625791476	-0.00877306841172347	-0.242274962091444	0.125539455734101	-0.00744867174150585	0.0939193431569711	-0.0751675755223592	0.249875608454552	0.138548358412287	0.065338755911567	0.0272477041976357	-0.142200648946057	-0.334528131816776	0.303304444804074	0.330783622533117	0.027222035630303	0.225861953353716	0.0819068644750461	0.0491908661436359	-0.197383403223402	-0.205429967843563	0.131209249492522	0.0704279154705331	-0.211372247697965	-0.0362835597885356	0.103348815236525	-0.0436788894942013	0.0435342069242357	-0.0387269853180791	0.0135259423070862	-0.0131698999017096	-0.132558742274313	0.128739275488424	0.080836359844606	-0.179158643405242	-0.0335499867582682	0.0235877485095464	-0.218819464303078	-0.0153591695587794	0.060455963621284	-0.294187450698677	0.4084504735643	-0.0415163630353805
g__Bilophila	-0.206917815217469	-0.0240184435271354	0.25469598188308	-0.130837075001778	-0.0640066537641109	0.0582576263229142	-0.0178070374093323	1	-0.118772554353675	0.0330289896147361	-0.293856575454817	0.108379533284124	-0.20381203060831	0.317555410663935	-0.169926041251775	0.155458175830644	-0.0445457121038309	-0.167673857698946	-0.0921803392120662	-0.0472588188493052	-0.0438120250657972	0.0115917258137832	0.253245347796027	-0.0335724565406321	0.129537562245243	0.116766822685581	0.214881189074679	-0.158306184582023	0.0272016273142498	0.00779121245911997	0.0706101896452726	-0.0870341426733346	-0.153523200854031	0.140359170062239	-0.33121605504383	-0.128083290545259	0.14869212174255	-0.188710960538566	0.0931459117122579	0.163319764501712	0.118118031565955	0.146658299679544	-0.0367634150264467	0.270654261670637	-0.0793118244646543	-0.0582819930112595	-0.027697612473504	0.111509150215915	-0.166956563466328	0.12297323342888	0.100924622977922	0.0711457117796187	0.155569544263568	-0.0551611484819798	-0.190872401230091	-0.073049353878511	0.102420841432154	-0.202214716769263	0.0672852892780008
g__Blautia	-0.177706254301941	-0.0721254866591985	-0.205178749636501	0.276077640934233	0.173533497682408	0.112316475083565	0.0295290533903397	-0.118772554353675	1	0.11822388554868	0.179473757194141	-0.128252653462131	-0.319171204466961	0.124224613051047	0.0361970849386834	0.174924567224355	0.333700241602982	0.623163064856644	-0.129106793693211	-0.00308125450368271	0.450536790366438	0.293126710844212	-0.340151189447857	-0.0268549988298532	-0.0423341186469861	-0.184805702424759	0.00994040608615268	-0.086610419671055	-0.0911879734743433	0.0367073759050799	0.15489479767697	-0.124402822257102	-0.058308807270963	0.013960647815207	0.0562001254444892	0.0767517616482493	0.000701721649496276	-0.146885346809533	-0.0074267927610307	0.230334990069044	-0.0696911591558756	0.396922521912957	-0.0479088721774764	-0.202026440847213	-0.0371716353290501	-0.237485092838272	-0.00438763976181893	0.0207008432644855	-0.106413885175691	-0.384907940426659	0.038672673762339	0.411865192608853	-0.101339772624668	-0.148108875618131	-0.0627646277001945	0.323460102208746	0.0590219204601393	0.212361966728295	-0.198994833902587
g__Bosea	-0.00155050207980288	-0.129922048351558	-0.0993928354102279	-0.142253328799764	0.069461160094793	-0.104072288415516	0.125427310530983	0.0330289896147361	0.11822388554868	1	0.125662096999121	0.0545968798417092	0.0947719719287238	0.0172288269124098	0.128340943853253	-0.135783727318156	-0.155509171518421	0.0545655460926125	-0.0960561842839604	-0.050952611023475	0.32938326572038	-0.115756300412001	-0.206819049986323	0.0374009027022983	-0.154634239649362	-0.306691214806783	-0.0939268900478863	-0.0390159361626312	-0.140699002743542	-0.0879710455254056	0.258098922277925	0.0659161538023811	-0.090073805001895	0.184784192422162	-0.0995249162518739	0.230055375308722	0.117125820263022	0.164684038317282	0.501871364542259	-0.266231841755701	-0.0422896650028718	-0.0814033565847827	0.0655490291922491	0.0805625626548936	-0.0494124681211278	-0.0923292097873764	0.230891567863411	-0.0209222751624428	0.188776703080543	-0.0585063561241035	-0.214984746478952	0.0036612454659967	0.0809386976662253	-0.285143792923341	0.120367555092865	0.0241898069932938	-0.021202519733855	-0.0373798914750757	0.144205017175456
g__Bradyrhizobium	-0.0651902264336222	0.381320883335263	0.0551977798389547	-0.0872924148302008	0.470932960551809	-0.231516645188388	0.0279556625601725	-0.293856575454817	0.179473757194141	0.125662096999121	1	-0.274826298281209	0.165651882583364	-0.112268927748738	-0.0569656616219335	0.142013750802792	-0.0495578229904996	0.0799600157492195	0.1242172380207	-0.229491688210955	0.114225298583779	-0.125458109067562	-0.0967296901053223	-0.0468239235456515	-0.0571940486751523	-0.330018273181094	-0.09164864593091	0.11181967207976	-0.0695032078311346	-0.0852468540952294	0.0750170013743545	0.0938193389747678	-0.355767789132324	-0.128508123385945	0.447357045450834	-0.0440262998874803	0.0593469600075487	-0.020662654198014	-0.0827376305965837	-0.112274056594198	0.15809127361139	0.0106388923531382	-0.0487157764948882	-0.446152802625339	-0.190080203278272	-0.103830535784568	0.379231677328336	-0.200309836092082	0.477706387317508	0.217487434407401	0.164808820096759	-0.0855850562469411	-0.285027255740022	0.151766111121217	-0.0202984194580174	-0.266879045334965	0.0158274594577647	0.0292264999488332	-0.0613543948087146
g__Butyricimonas	0.1047628538226	-0.144853473260945	0.019910111322519	0.104168539649499	-0.260013519781233	0.313206211420875	-0.140875714958477	0.108379533284124	-0.128252653462131	0.0545968798417092	-0.274826298281209	1	0.0695658127448688	-0.112318778513375	-0.122016194778038	0.135548591189997	-0.0660304534297641	-0.0427300188384472	0.143256989696436	-0.146943263406412	-0.214561991665767	0.0782035233748054	0.140124221006972	-0.0983693788595807	-0.0472594191032379	0.197760661861283	-0.0239754229898558	-0.0535955208287251	0.0927161003317214	-0.116469085101552	-0.0842625932460844	0.0095998178413908	-0.0348761227474136	0.0428957615404356	0.0272683563378349	-0.0465485625711563	0.318690649738722	0.0972159094170812	-0.0230597195959752	0.16586979407083	-0.116032517915717	-0.235316184100328	0.0398510189196112	-0.132682225813409	-0.0392690416779812	0.167085933779499	-0.000217251258532317	0.146450590347093	0.124395191555149	0.118998756962866	0.134000544928237	0.152197531110165	0.179233415821528	0.190001094906254	-0.106452552364676	0.168278811399749	-0.0544680038978131	-0.301064297140556	-0.110195912321641
g__Caloramator	0.332119490024338	0.291776935445235	0.0279315465384696	-0.0920614076395371	0.224987957502582	-0.2380124168349	0.0618078513394587	-0.20381203060831	-0.319171204466961	0.0947719719287238	0.165651882583364	0.0695658127448688	1	-0.179790763285085	0.0444917597565524	-0.236451833979605	-0.298302503258311	-0.142026180855735	0.220823367785038	0.0086168092328764	-0.0828969154564562	-0.0843270296007827	-0.128313213664988	0.161188486906281	0.124863628343457	0.0602761254336728	0.041142377121934	0.00283931214461679	-0.234566691307973	0.0100754023752431	-0.208003468676703	0.276947543304124	-0.058783813105883	-0.269844037863905	0.319389348357357	0.108904943299933	0.0709803610521357	-0.10387600735031	-0.214801978258054	-0.158206942698182	0.0818245550913633	-0.273390103180216	-0.144408753270854	-0.064787409604638	0.276772915256334	0.0874828809154821	0.275174935481996	0.191782130036737	0.599904543589758	0.19867733460871	0.106303181738509	-0.377431878868501	-0.154981188691178	0.32703619542603	-0.0460294631199893	-0.204724059111302	0.0996105895012414	-0.178533884310349	0.0985176506025602
g__Campylobacter	0.111293195865236	0.145230083946469	0.100106578315547	0.0159540054111343	0.157639253631267	-0.0969989105949604	-0.209403443548654	0.317555410663935	0.124224613051047	0.0172288269124098	-0.112268927748738	-0.112318778513375	-0.179790763285085	1	-0.277422308537411	-0.154377295998679	-0.30251011848881	0.0629566485142487	0.333857082626727	-0.000952603639451473	0.226515015949183	-0.188841820268879	-0.174017668292571	-0.192677665855011	-0.345815024307497	-0.210710671878027	0.493097398023573	-0.169555039844707	0.248212893390677	-0.0238489165043417	-0.0888696843848387	-0.363529184077234	0.0278532649444493	-0.129090335357774	0.0740736763764939	0.204077579988996	0.166356810103844	-0.05222415335347	0.00597911627909405	-0.028605553181759	0.218173237701884	-0.0547948690405881	0.069097158098679	0.428970806800576	0.270695366975861	-0.121521975120603	-0.01152278630114	0.298304720739432	-0.0389443009272301	-0.0623489533640735	-0.171961665270364	-0.181038239566904	-0.164425307881162	-0.134149462740541	-0.19198197206657	-0.203197530773409	0.452911495660497	-0.0453021504974209	0.266154513318549
g__Catenibacterium	0.122536310264457	-0.35798610353295	-0.0856398375354068	0.0669364982915704	-0.33450687442977	-0.22898046653522	0.130546255290977	-0.169926041251775	0.0361970849386834	0.128340943853253	-0.0569656616219335	-0.122016194778038	0.0444917597565524	-0.277422308537411	1	-0.0361702386338438	0.0813821107118352	0.0234737972789733	-0.377566569920125	0.412073251771702	0.0591366795782959	0.00861230206790879	-0.105143953961531	0.252744142774045	0.365003279369714	0.081328865256832	-0.187552719606686	-0.0495510318972129	0.00188565242422177	0.435421177581236	0.126691984470072	0.023016374308298	-0.171932449151461	0.429875445537632	-0.193382623664739	0.238013478083576	-0.154752221848844	-0.236135477724795	0.132289209336013	-0.340764511492086	0.172336638847517	-0.010165658537214	-0.199323027240245	-0.243839006080299	-6.60651871174506e-05	0.0662296149159861	-0.0800544304228847	-0.136967975158584	-0.105281916706951	0.0454127959820598	0.120283221793656	0.0959660860800894	0.0859453472877276	-0.139859926884305	0.224055997637353	0.137881564640055	-0.0880037199667358	0.338587468236791	-0.226617720763159
g__Clostridium	-0.357489978110607	0.101467986689308	0.109592265880241	0.197081807501494	-0.107403144073776	0.314025069837875	0.172733502304411	0.155458175830644	0.174924567224355	-0.135783727318156	0.142013750802792	0.135548591189997	-0.236451833979605	-0.154377295998679	-0.0361702386338438	1	0.176311178744353	0.105808319929603	0.0884156725474554	-0.120121750674275	-0.185060318979602	0.288716821279685	0.046871370257142	-0.0123123948604695	0.0311729214193803	0.439697035013961	-0.201917247464024	0.20339621117725	0.139417290710407	-0.0276721711703195	0.14340577713613	-0.0447407273761245	-0.214787774225027	0.0956189566383004	-0.131703501427299	-0.551305653589811	-0.24190434232826	0.151586045511005	0.156259639193402	0.406663789291966	0.00311911667367103	0.433518916722517	0.124253711676793	-0.00476588301826094	-0.360247590933436	0.23113707121044	-0.194223374365246	-0.133456605825906	-0.125265398282339	-0.0641322339546629	0.189616009898222	0.314138330740646	-0.00273952374097409	0.0195284207464444	0.13153814343987	0.157771006060336	-0.344524800325365	0.112967255363769	0.0136176088033324
g__Collinsella	-0.101533807486831	-0.127113713855069	-0.0811993699026163	0.179858512099028	-0.0769029895655765	0.222638337258947	0.293091625791476	-0.0445457121038309	0.333700241602982	-0.155509171518421	-0.0495578229904996	-0.0660304534297641	-0.298302503258311	-0.30251011848881	0.0813821107118352	0.176311178744353	1	0.320677533991174	-0.366301005418189	0.0824881318087244	0.111985326643363	0.318887783003335	0.0376267964536336	-0.0336524112715235	0.120717478561507	0.304938619481479	-0.15227247883556	0.207687668711503	0.00533766829094344	0.257056350280553	0.444632090814338	0.073616951880724	0.242733183426251	0.152105886548568	-0.199600552594546	-0.0788728495277664	-0.193717921415091	0.00221944542513523	0.13300377307776	0.270226152991809	-0.339265842176987	0.137414005985407	0.00510416447226175	-0.0550874847132201	-0.0411639219110053	0.00886295581365413	-0.329701263867878	-0.20755938528209	-0.37600841299647	-0.317369317973975	0.106808655236231	0.381801353641488	0.286488340406339	-0.20766123961981	0.279787986505657	0.247279756732075	-0.116475997837808	0.34279151102321	-0.336467239691203
g__Coprococcus	0.0437099664976638	-0.0737965747204579	0.0537072532188088	0.310695677861258	0.0343841188637873	-0.0329740550827634	-0.00877306841172347	-0.167673857698946	0.623163064856644	0.0545655460926125	0.0799600157492195	-0.0427300188384472	-0.142026180855735	0.0629566485142487	0.0234737972789733	0.105808319929603	0.320677533991174	1	-0.181242885670576	0.0548099566517835	0.195042076922032	0.19681686034259	-0.183939271328019	-0.106659339606012	-0.0075760004956786	-0.0150536167931306	-0.269412708551331	0.175150975851472	0.0373618059665268	0.0544644993966543	0.223062224270683	0.0339756076507137	-0.0168678725143102	-0.0234752787417499	-0.0168894115654795	0.0190285310576399	-0.161508999294318	-0.0241500107599011	-0.015516816476675	0.145548786445741	0.0336991704155967	0.157852493213863	-0.0355881737725137	-0.10331641077531	-0.252065820934571	0.0715467197244431	-0.194567526203904	0.0532707777699584	-0.0186459691441622	-0.456026388283161	0.124098095216977	0.0260166639977134	-0.0776925486022273	-0.292481064418842	0.072198952608861	0.254107178752983	0.183137709708352	-0.0965123330658973	-0.0539257394265323
g__Corynebacterium	0.0378628368739825	0.374088906418673	0.137827757637712	-0.04240618261963	0.256465701967171	-0.0671700875908535	-0.242274962091444	-0.0921803392120662	-0.129106793693211	-0.0960561842839604	0.1242172380207	0.143256989696436	0.220823367785038	0.333857082626727	-0.377566569920125	0.0884156725474554	-0.366301005418189	-0.181242885670576	1	-0.0998937810657896	0.0301541192257416	-0.132492093982962	0.136406149958647	-0.294322389298184	-0.499829741541465	0.109124980562431	0.230007123705939	-0.02529293203315	0.301973543135307	-0.227274336875472	-0.414545957837492	-0.0825643414978217	0.0285556692733188	-0.274378511343071	0.199348042166866	-0.0804081906290157	0.0742945550290516	0.154222483819622	-0.246401143806156	0.245576017478552	-0.110195394832927	-0.27486298759054	0.0820773847447872	0.0520370528876031	0.221538641575401	0.100755601525107	0.209943572627143	0.271011466095956	0.269980741168715	0.113301338656261	-0.168293606410138	-0.157456728615705	-0.118553239422904	0.439031182025584	-0.119965051582599	-0.166290504651888	0.209239125856796	-0.0965052396347185	0.273874984700817
g__Desulfovibrio	-0.126514944546915	-0.249525774049617	0.0870215795919185	-0.143761297511678	-0.0214249813388543	0.178358398789719	0.125539455734101	-0.0472588188493052	-0.00308125450368271	-0.050952611023475	-0.229491688210955	-0.146943263406412	0.0086168092328764	-0.000952603639451473	0.412073251771702	-0.120121750674275	0.0824881318087244	0.0548099566517835	-0.0998937810657896	1	0.142069919493109	0.141045021191506	0.198816485181689	0.0241428998400015	0.46065095800427	0.0541235227477232	0.181823848323695	-0.221161727370095	-0.192655857969315	0.230058101918548	-0.061597150058868	-0.199650422517045	0.220652453624205	0.0490670468545324	-0.0558687670170645	0.213963949817523	-0.222753342407403	-0.267880552624055	0.00876628381043423	-0.113174722528076	0.0305628880825399	0.0357003275383409	-0.0985893869254206	0.0480590618288954	0.192278386941918	-0.130305032987496	-0.182485506348039	0.0421606932738656	-0.124536798405932	-0.10479550372321	-0.0273755283757274	0.0028353045659462	0.0349601273200708	0.136165270269844	-0.019960060017189	-0.0773464199871872	-0.062359637114732	0.386279148533606	-0.206434814890304
g__Dialister	0.0807396313521146	0.0152613832378509	-0.102953477948636	-0.082480783684975	0.268322129051097	-0.143581690498522	-0.00744867174150585	-0.0438120250657972	0.450536790366438	0.32938326572038	0.114225298583779	-0.214561991665767	-0.0828969154564562	0.226515015949183	0.0591366795782959	-0.185060318979602	0.111985326643363	0.195042076922032	0.0301541192257416	0.142069919493109	1	0.039427232421764	-0.144720293800394	0.10626350186806	-0.0120004526061188	-0.18464990553829	0.181920648865885	-0.281691762775295	0.0507139200150672	-0.0152426330857697	-0.0371259473393953	-0.442994470239699	0.0931879066110714	0.0958043686499593	0.0236451476438387	0.215973174946978	-0.00211380199875272	-0.340552013444086	0.0320154835046405	-0.120689002336954	0.00679821154018929	0.144531310789492	-0.02664627144485	-0.143413625529163	0.110127065885393	-0.300800551714344	0.206314535985141	0.0843304442472136	-0.0104542986356487	-0.476195515255921	-0.16411055366929	0.235130389239395	0.131849911658846	-0.00363971777390446	-0.0414123539501925	0.116539422449967	-0.136922337356214	0.313608900157969	-0.143406256425499
g__Dorea	0.0738999193467026	-0.184447550956933	-0.342976310540158	-0.0852988479026072	-0.0221321225967924	0.297895690675602	0.0939193431569711	0.0115917258137832	0.293126710844212	-0.115756300412001	-0.125458109067562	0.0782035233748054	-0.0843270296007827	-0.188841820268879	0.00861230206790879	0.288716821279685	0.318887783003335	0.19681686034259	-0.132492093982962	0.141045021191506	0.039427232421764	1	-0.0408190199783313	-0.0928067743264017	0.227157008232076	-0.000396850438844729	-0.236805478841509	0.0645200205193862	0.0503009328801997	0.0416171878448166	0.273641323082735	-0.0356020278903209	0.0871374893854175	0.0391972936952357	-0.0122097537707904	-0.172737864907087	-0.160823723826878	0.0687271571635245	-0.0575793703839858	0.0994375790705677	-0.0712913349625953	0.4915243154945	0.0116904540785526	0.0134896361127137	-0.129895759403028	-0.0384717663817081	-0.0235083924756501	0.0516793877684738	-0.0779063722910331	-0.239868563703363	0.163164850985678	0.326312481160486	-0.0406490132350487	0.0956321689674064	0.0472657516253994	0.155038429563893	-0.0825078368772696	0.047210417032704	-0.262937095827309
g__Enterobacter	-0.124288388795877	-0.0480155124025246	0.24981190809855	0.0469899352890097	-0.113363461783788	0.370154953014157	-0.0751675755223592	0.253245347796027	-0.340151189447857	-0.206819049986323	-0.0967296901053223	0.140124221006972	-0.128313213664988	-0.174017668292571	-0.105143953961531	0.046871370257142	0.0376267964536336	-0.183939271328019	0.136406149958647	0.198816485181689	-0.144720293800394	-0.0408190199783313	1	0.125705770411357	0.154519403587273	0.176375520759691	0.059790666262675	0.12488438026369	0.107942825111367	-0.0625713239545918	-0.162770221779981	-0.00568957368624728	0.198090372308094	0.0142576237460217	-0.159580031684109	-0.0515685230118499	0.217493720038264	-0.0842973131059205	-0.118617523071764	0.0476488560109258	-0.107558990049654	-0.0628693173956587	0.258863040642308	-0.0743008453279541	-0.045958614396182	-0.0540456581369001	0.0899124903615743	-0.066849834154378	-0.128363591614991	0.24771127316283	0.0674872987504521	0.0441365339176898	0.542656514277817	0.421610350296206	-0.0490753611472073	0.126864636799155	-0.279829068370724	-0.0947468458255635	-0.102978744205728
g__Enterococcus	0.0885824702141763	0.0854707944825729	-0.163236335234942	0.0972319560304946	-0.0680398501185653	-0.0367590593991817	0.249875608454552	-0.0335724565406321	-0.0268549988298532	0.0374009027022983	-0.0468239235456515	-0.0983693788595807	0.161188486906281	-0.192677665855011	0.252744142774045	-0.0123123948604695	-0.0336524112715235	-0.106659339606012	-0.294322389298184	0.0241428998400015	0.10626350186806	-0.0928067743264017	0.125705770411357	1	0.20469168629899	0.018778897841436	-0.0883374722919127	-0.0604624496209885	-0.169660703428388	0.0174815979537387	0.0161791148724259	0.0200506961265208	-0.146950470727208	-0.0421936928828792	0.0754476215820102	0.0908133533537299	0.185852571142504	-0.201697385238872	-0.0693940215315556	-0.364438709240605	0.214563293443516	0.0956953012943826	0.178583340025414	-0.0657835765288022	-0.130315931851039	-0.0947920791736466	0.21471853053898	-0.134554093240349	-0.00304249596643305	0.0902964168416936	0.0888274948427298	0.0215771654835526	0.117501642069278	0.141318833454641	-0.183849141895824	0.11132225109601	-0.316721677602294	0.079774368949831	-0.0287730805440427
g__Eubacterium	-0.072912086720085	-0.0309669250146603	0.0897311464098908	-0.183541758481566	-0.197929057806971	0.0967432470791194	0.138548358412287	0.129537562245243	-0.0423341186469861	-0.154634239649362	-0.0571940486751523	-0.0472594191032379	0.124863628343457	-0.345815024307497	0.365003279369714	0.0311729214193803	0.120717478561507	-0.0075760004956786	-0.499829741541465	0.46065095800427	-0.0120004526061188	0.227157008232076	0.154519403587273	0.20469168629899	1	0.161972542054476	0.0779363851298316	-0.101453744110583	-0.261774971780843	0.205519674956968	0.118249823042846	0.0237445312027734	0.0835572534236114	0.269282820186927	0.125997812678524	0.0315443444853706	-0.19839401219563	-0.269766022535156	0.110373440539233	0.0839363491829255	0.0761483504603956	0.309395074718267	-0.110339096638052	-0.0764978894696492	0.0418390838479065	-0.139084447979123	-0.0341185863441285	-0.0730119081243461	-0.0379384843130433	0.0706129076696076	0.136392062280663	0.152737161625957	0.0177391481599864	0.0810619592391164	0.0828082159346636	0.020560599279518	-0.312348443938913	0.241562364573016	-0.197574201510876
g__Faecalibacterium	-0.185459083641482	0.166670911415067	-0.0242277384485364	0.269127250732923	-0.418325615023149	0.109719673899731	0.065338755911567	0.116766822685581	-0.184805702424759	-0.306691214806783	-0.330018273181094	0.197760661861283	0.0602761254336728	-0.210710671878027	0.081328865256832	0.439697035013961	0.304938619481479	-0.0150536167931306	0.109124980562431	0.0541235227477232	-0.18464990553829	-0.000396850438844729	0.176375520759691	0.018778897841436	0.161972542054476	1	-0.0044118083462493	0.104436507575139	0.161400990884798	0.14998077824477	-0.0668373029614373	0.0439325051557174	0.0401078599140703	0.0650688106592178	-0.158978987222457	-0.461349712405377	-0.363201725760461	0.0273256764582474	0.0345474893113453	0.522773026013975	-0.334684483707754	0.00124396291056101	0.0452738326671295	-0.00727657128740991	0.0576730709224303	0.176627644054717	-0.236220617751718	-0.0326513600167204	-0.182383520355701	-0.126636960198886	0.113480315296009	0.154421656619905	0.213795742581475	0.0702479535803308	0.0798099931138827	0.263797707217432	-0.259886909440796	0.111130576605537	-0.0548183522457337
g__Fusobacterium	-0.0403185196876495	0.173352045745075	0.175105160456411	-0.0982772867005184	0.0574103778722775	0.0873964519549514	0.0272477041976357	0.214881189074679	0.00994040608615268	-0.0939268900478863	-0.09164864593091	-0.0239754229898558	0.041142377121934	0.493097398023573	-0.187552719606686	-0.201917247464024	-0.15227247883556	-0.269412708551331	0.230007123705939	0.181823848323695	0.181920648865885	-0.236805478841509	0.059790666262675	-0.0883374722919127	0.0779363851298316	-0.0044118083462493	1	-0.421169343174998	-0.0881510230763454	0.181948422341202	-0.290387514303233	-0.34353291837018	0.184415894727298	-0.0499271173732096	0.206909967608264	0.194203859473345	0.208732208915209	-0.276921895111609	-0.0307761665248064	0.215116177790958	-0.115858849096463	-0.0800449337060128	-0.122763811729162	0.17001672487391	0.625551178712115	-0.0994136234173825	0.0975669082504264	0.184902565183057	0.113779291302882	-0.00340226393860676	-0.236590779178095	-0.0129842883789988	-0.0160733591673161	0.221188394970907	-0.259287730362708	-0.225678338706137	0.0262187931554823	0.311651336165801	-0.0365967866256181
g__Haemophilus	0.114471902983593	0.148304894207027	0.184822158760311	0.177244455221213	-0.125148290543478	0.0800814685473911	-0.142200648946057	-0.158306184582023	-0.086610419671055	-0.0390159361626312	0.11181967207976	-0.0535955208287251	0.00283931214461679	-0.169555039844707	-0.0495510318972129	0.20339621117725	0.207687668711503	0.175150975851472	-0.02529293203315	-0.221161727370095	-0.281691762775295	0.0645200205193862	0.12488438026369	-0.0604624496209885	-0.101453744110583	0.104436507575139	-0.421169343174998	1	0.337001231869814	-0.0596532041869797	0.189591847466624	0.280062257231669	-0.0823036786894037	-0.116001652236133	-0.0196438605638806	-0.156647419335866	-0.228236077880735	0.293724098136739	0.102801048818166	0.132255505889554	-0.092453631036421	0.145306652257	0.308347301855351	0.179675941404263	-0.224585889815642	0.221066680832635	-0.304808807706946	-0.0778777072614251	-0.219486202386111	-0.0662916690994697	0.03307252224248	-0.0630904460418384	0.0334191315104879	-0.117063194305583	0.266436768494087	0.062059959759293	0.0100036987490787	-0.125696074132922	0.202803864905588
g__Jonquetella	0.356876878936114	0.00681206435979922	0.0755111497474127	0.110228060330549	-0.299830577131057	-0.142677415071185	-0.334528131816776	0.0272016273142498	-0.0911879734743433	-0.140699002743542	-0.0695032078311346	0.0927161003317214	-0.234566691307973	0.248212893390677	0.00188565242422177	0.139417290710407	0.00533766829094344	0.0373618059665268	0.301973543135307	-0.192655857969315	0.0507139200150672	0.0503009328801997	0.107942825111367	-0.169660703428388	-0.261774971780843	0.161400990884798	-0.0881510230763454	0.337001231869814	1	-0.0685979978982181	0.0274558124537203	-0.211680320302228	-0.157845044527058	0.153755513540083	-0.116796369650578	-0.116496484938837	0.0216610267371824	0.0781173907647563	-0.0284264878076208	0.0417814377226889	0.025122585718595	-0.0193636273733811	0.0420428900849974	0.0540556330014705	-0.113811527291392	0.0907960070279839	-0.167572960572742	0.109812415222669	-0.249613250500333	-0.0773520010036829	-0.0942279742013041	0.0551920361627442	0.095142670375688	-0.0381518862976313	0.261760407472289	0.259562682674583	0.0433341007444141	-0.0909335159153751	0.122260179150476
g__Lachnobacterium	0.0474426551030416	-0.22451008873154	-0.0429756276546265	0.0863653122590996	-0.386161429347656	-0.0603191029182977	0.303304444804074	0.00779121245911997	0.0367073759050799	-0.0879710455254056	-0.0852468540952294	-0.116469085101552	0.0100754023752431	-0.0238489165043417	0.435421177581236	-0.0276721711703195	0.257056350280553	0.0544644993966543	-0.227274336875472	0.230058101918548	-0.0152426330857697	0.0416171878448166	-0.0625713239545918	0.0174815979537387	0.205519674956968	0.14998077824477	0.181948422341202	-0.0596532041869797	-0.0685979978982181	1	0.0877163147843302	0.0024801250083916	0.0197901980759379	0.134392531881528	-0.0131016211655662	0.0236686016177002	-0.228792098134345	-0.26102254010135	0.0642107763046721	-0.0417596815847485	-0.227253198308174	-0.0719816210802088	-0.252054717173676	-0.0899319602218015	0.198053661878151	0.0432811994871915	-0.114103377256383	-0.0354440387979565	-0.0820002834141393	0.0162358832000998	-0.0764009292453236	0.147322602746946	0.0766184366537062	-0.131602364193118	-0.0212711794909397	0.110902213860396	0.0493201930827292	0.342242635809577	-0.252106806672754
g__Lachnospira	0.195856160787903	-0.0464000729951531	-0.164672193482659	-0.0110145292246365	0.0562097886486773	-0.25528744047507	0.330783622533117	0.0706101896452726	0.15489479767697	0.258098922277925	0.0750170013743545	-0.0842625932460844	-0.208003468676703	-0.0888696843848387	0.126691984470072	0.14340577713613	0.444632090814338	0.223062224270683	-0.414545957837492	-0.061597150058868	-0.0371259473393953	0.273641323082735	-0.162770221779981	0.0161791148724259	0.118249823042846	-0.0668373029614373	-0.290387514303233	0.189591847466624	0.0274558124537203	0.0877163147843302	1	0.179079574195293	0.0381678155461433	0.138452466568981	-0.119038201184947	-0.120275423965527	-0.0781834723387562	0.0318631554772222	0.195174388713791	-0.158346211728829	-0.118966794202095	0.161894714041823	0.036903582992341	0.149105104340536	-0.22509982562897	0.113972774142904	-0.234709150346269	-0.0940136989501127	-0.159180003097121	-0.191424927051601	0.0363811694827505	0.232961792965349	-0.0171219948766683	-0.483015011725941	0.102665868087658	-0.0539749134639523	0.0503467815224937	0.0995117434733063	0.0224037978367665
g__Lactobacillus	-0.00761202706837413	0.0757420034019833	-0.117593971736387	-0.0818234698217281	0.0995907517237546	-0.000389014200759763	0.027222035630303	-0.0870341426733346	-0.124402822257102	0.0659161538023811	0.0938193389747678	0.0095998178413908	0.276947543304124	-0.363529184077234	0.023016374308298	-0.0447407273761245	0.073616951880724	0.0339756076507137	-0.0825643414978217	-0.199650422517045	-0.442994470239699	-0.0356020278903209	-0.00568957368624728	0.0200506961265208	0.0237445312027734	0.0439325051557174	-0.34353291837018	0.280062257231669	-0.211680320302228	0.0024801250083916	0.179079574195293	1	0.0153705211367149	0.0403554070393868	0.0373922172766522	-0.0708247357273055	-0.00946646745454603	0.259227441994685	-0.0216652344341739	0.0573437488283123	-0.14747120609097	-0.136035583006296	-0.106190359583093	-0.000713994888620045	-0.144352074636794	0.158483590491814	0.0351435957096779	-0.20939534504368	0.205181674046103	0.185165797832844	0.323549249255686	-0.104850201572622	0.0306605244275576	-0.00669347886586101	0.0916170753521134	0.0662939461869249	0.274305880045294	-0.1404774595391	0.226916587906231
g__Megamonas	0.111839938050532	-0.0834804974337607	-0.221198066127948	-0.0514166778699276	-0.072046763917173	0.148206845132203	0.225861953353716	-0.153523200854031	-0.058308807270963	-0.090073805001895	-0.355767789132324	-0.0348761227474136	-0.058783813105883	0.0278532649444493	-0.171932449151461	-0.214787774225027	0.242733183426251	-0.0168678725143102	0.0285556692733188	0.220652453624205	0.0931879066110714	0.0871374893854175	0.198090372308094	-0.146950470727208	0.0835572534236114	0.0401078599140703	0.184415894727298	-0.0823036786894037	-0.157845044527058	0.0197901980759379	0.0381678155461433	0.0153705211367149	1	0.0439481088492973	0.0349896516482518	0.132892744431881	-0.14250089441157	0.0711470237366977	0.0303082158497768	-0.0202496757637958	-0.301039094417923	-0.058203060494012	0.00333396799788166	0.0704714599987958	0.386426393671708	-0.0725288019894419	0.0057004888395389	-0.118734954869097	-0.101065947063228	-0.0827538446002164	-0.197727843871776	0.125229713335857	0.218024130537041	-0.0118862682726859	0.0813963303457774	0.123546213834782	-0.104993747223495	0.322995291729247	-0.113390683786856
g__Megasphaera	-0.0728417449128772	-0.450357046367474	-0.147775360803117	-0.161723063370647	-0.439916671334932	-0.0633794980808355	0.0819068644750461	0.140359170062239	0.013960647815207	0.184784192422162	-0.128508123385945	0.0428957615404356	-0.269844037863905	-0.129090335357774	0.429875445537632	0.0956189566383004	0.152105886548568	-0.0234752787417499	-0.274378511343071	0.0490670468545324	0.0958043686499593	0.0391972936952357	0.0142576237460217	-0.0421936928828792	0.269282820186927	0.0650688106592178	-0.0499271173732096	-0.116001652236133	0.153755513540083	0.134392531881528	0.138452466568981	0.0403554070393868	0.0439481088492973	1	-0.252449405765301	0.0556406626882888	0.0766179483380141	-0.0966032600596383	0.45814069789731	0.021604769735958	0.082130114381068	0.00971261331255507	-0.098603719641276	-0.13477740573196	-0.163514817779947	-0.027576839546075	-0.151044564917706	-0.141602514489598	-0.260738895993071	0.0345847044086488	0.166172439371098	0.0631411880262241	0.0791558441362938	-0.15501459484505	0.37308962691944	0.342376776653759	-0.175924409088853	0.257084905730139	-0.0941377912710422
g__Methylobacterium	0.195118509252881	0.543830088056831	-0.22739749932511	-0.346141418302738	0.191954531850236	-0.172560205062361	0.0491908661436359	-0.33121605504383	0.0562001254444892	-0.0995249162518739	0.447357045450834	0.0272683563378349	0.319389348357357	0.0740736763764939	-0.193382623664739	-0.131703501427299	-0.199600552594546	-0.0168894115654795	0.199348042166866	-0.0558687670170645	0.0236451476438387	-0.0122097537707904	-0.159580031684109	0.0754476215820102	0.125997812678524	-0.158978987222457	0.206909967608264	-0.0196438605638806	-0.116796369650578	-0.0131016211655662	-0.119038201184947	0.0373922172766522	0.0349896516482518	-0.252449405765301	1	-0.0402096454481947	0.107921620586375	0.0558848083544583	-0.239131229609553	-0.0794113410029534	-0.062659008487682	-0.134222063398884	0.0367493454537106	-0.112566527459797	0.167970421409759	-0.124977480006093	0.439454945788744	0.135574931213956	0.404334736806127	0.165929871206142	0.0303842251781341	-0.13256126889932	-0.422305459869726	0.275052604872475	-0.22699749966111	-0.234109699909327	-0.0323509668860752	0.0825882210958777	-0.0624868317571599
